# graphs 457 incomplete_graphs 8 route_events 305547
0 84
0 7
0 38
0 73
0 36
0 22
0 42
0 106
0 69
0 54
1 21
1 28
1 29
1 109
1 52
1 5
1 108
1 123
1 49
1 82
2 0
2 92
2 45
2 88
2 72
2 127
2 23
2 29
2 42
2 13
3 62
3 53
3 103
3 1
3 25
3 120
3 44
3 87
3 26
3 91
4 72
4 78
4 127
4 34
4 62
4 121
4 21
4 81
4 109
4 22
5 44
5 106
5 10
5 66
5 29
5 109
5 50
5 19
5 92
5 49
6 40
6 66
6 51
6 114
6 100
6 84
6 55
6 82
6 21
6 24
7 1
7 67
7 19
7 126
7 121
7 77
7 104
7 20
7 101
7 88
8 76
8 14
8 80
8 43
8 100
8 111
8 20
8 24
8 48
8 27
9 69
9 60
9 80
9 86
9 108
9 75
9 61
9 48
9 46
9 81
10 97
10 15
10 72
10 98
10 29
10 60
10 110
10 55
10 75
10 23
11 113
11 19
11 25
11 17
11 46
11 85
11 57
11 3
11 79
11 80
12 21
12 42
12 41
12 85
12 97
12 64
12 79
12 2
12 46
12 35
13 7
13 37
13 46
13 100
13 96
13 121
13 67
13 70
13 103
13 24
14 70
14 0
14 38
14 112
14 30
14 53
14 115
14 24
14 119
14 77
15 100
15 30
15 41
15 77
15 13
15 33
15 23
15 90
15 0
15 47
16 126
16 54
16 70
16 94
16 85
16 98
16 28
16 5
16 106
16 80
17 73
17 122
17 98
17 4
17 10
17 30
17 109
17 16
17 1
17 116
18 53
18 20
18 82
18 52
18 93
18 77
18 89
18 55
18 97
18 92
19 38
19 108
19 1
19 125
19 52
19 2
19 97
19 66
19 120
19 26
20 75
20 40
20 23
20 97
20 44
20 30
20 14
20 124
20 35
20 45
21 0
21 83
21 96
21 100
21 91
21 51
21 20
21 21
21 81
21 26
22 55
22 58
22 121
22 19
22 75
22 116
22 42
22 54
22 30
22 78
23 15
23 31
23 42
23 79
23 122
23 121
23 110
23 117
23 101
23 63
24 19
24 48
24 82
24 50
24 41
24 105
24 35
24 17
24 113
24 28
25 89
25 127
25 66
25 76
25 19
25 21
25 63
25 7
25 2
25 43
26 55
26 76
26 23
26 73
26 115
26 74
26 97
26 122
26 1
26 123
27 50
27 98
27 30
27 74
27 43
27 0
27 66
27 39
27 94
27 6
28 90
28 108
28 4
28 8
28 46
28 69
28 110
28 95
28 1
28 102
29 24
29 9
29 63
29 121
29 22
29 75
29 85
29 67
29 21
29 32
30 123
30 109
30 43
30 96
30 33
30 85
30 23
30 26
30 7
30 88
31 49
31 29
31 124
31 55
31 70
31 83
31 106
31 78
31 96
31 47
32 126
32 33
32 87
32 11
32 52
32 67
32 21
32 117
32 17
32 47
33 42
33 21
33 121
33 100
33 41
33 48
33 118
33 49
33 30
33 26
34 114
34 1
34 53
34 115
34 13
34 90
34 83
34 21
34 22
34 76
35 116
35 114
35 63
35 93
35 36
35 102
35 3
35 98
35 79
35 17
